image_width: 640
image_height: 360
camera_name: ardrone_bottom
camera_matrix:
  rows: 3
  cols: 3
  data: [717.2160522800688, 0, 327.6384501494029, 0, 718.1687633020339, 160.0095530582013, 0, 0, 1]
distortion_model: plumb_bob
distortion_coefficients:
  rows: 1
  cols: 5
  data: [0.06374077547242958, 0.0447231422732321, -0.00956636671346334, 0.01241228053320632, 0]
rectification_matrix:
  rows: 3
  cols: 3
  data: [1, 0, 0, 0, 1, 0, 0, 0, 1]
projection_matrix:
  rows: 3
  cols: 4
  data: [730.839111328125, 0, 332.19287572139, 0, 0, 735.184326171875, 157.3795555682045, 0, 0, 0, 1, 0]