image_width: 640
image_height: 360
camera_name: ardrone_front
camera_matrix:
  rows: 3
  cols: 3
  data: [585.2709034575013, 0, 308.5437834416016, 0, 582.1141747591113, 202.5876249736989, 0, 0, 1]
distortion_model: plumb_bob
distortion_coefficients:
  rows: 1
  cols: 5
  data: [-0.5272980053139213, 0.3208344362408526, -0.008300904744671387, -0.004433891360349407, 0]
rectification_matrix:
  rows: 3
  cols: 3
  data: [1, 0, 0, 0, 1, 0, 0, 0, 1]
projection_matrix:
  rows: 3
  cols: 4
  data: [485.4834289550781, 0, 299.62631717763, 0, 0, 549.6770629882812, 202.8763869360664, 0, 0, 0, 1, 0]