image_width: 640
image_height: 360
camera_name: ardrone_front
camera_matrix:
  rows: 3
  cols: 3
  data: [559.4647235392247, 0, 301.6132416601317, 0, 557.9220936984112, 198.3825932265118, 0, 0, 1]
distortion_model: plumb_bob
distortion_coefficients:
  rows: 1
  cols: 5
  data: [-0.5220154075611637, 0.313482008415273, -0.003799771969265578, -0.001372163584130529, 0]
rectification_matrix:
  rows: 3
  cols: 3
  data: [1, 0, 0, 0, 1, 0, 0, 0, 1]
projection_matrix:
  rows: 3
  cols: 4
  data: [457.8541870117188, 0, 293.4600966687867, 0, 0, 523.8490600585938, 199.2718088093643, 0, 0, 0, 1, 0]